13 2 10 1 1 3 8 
0.2 Uniform 10 
30.0 3000.0 270.0 570.0 228.0 
52.0 782.0 
43.0 82.0 
659.0 195.0 
408.0 305.0 462.0 358.0 486.0 425.0 292.0 270.0 132.0 87.0 
132.0 187.0 59.0 263.0 424.0 612.0 991.0 858.0 965.0 445.0 
3.0
5.0 5.0 
9.0 10.0 10.0 8.0 8.0 10.0 10.0 7.0 9.0 7.0 
135.0
124.0 124.0 
76.0 28.0 24.0 64.0 28.0 72.0 64.0 64.0 64.0 56.0 
0.0
0.0 0.0 
38.0 7.0 6.0 16.0 14.0 18.0 32.0 16.0 16.0 28.0 
470.0 460.0 480.0 470.0 480.0 470.0 470.0 460.0 460.0 460.0 
19.0 7.0 6.0 16.0 7.0 18.0 16.0 16.0 16.0 14.0 
18.0 22.0 21.0 21.0 18.0 22.0 23.0 19.0 
17.0 20.0 20.0 20.0 22.0 19.0 21.0 19.0 
22.0 16.0 20.0 21.0 17.0 18.0 19.0 15.0 
8.0 6.0 8.0 8.0 8.0 6.0 6.0 6.0 
6.0 8.0 8.0 7.0 8.0 6.0 8.0 6.0 
8.0 7.0 7.0 6.0 7.0 7.0 7.0 7.0 
5.0 5.0 6.0 7.0 7.0 6.0 6.0 5.0 
6.0 7.0 7.0 6.0 5.0 7.0 5.0 5.0 
6.0 7.0 5.0 6.0 6.0 5.0 5.0 7.0 
13.0 17.0 16.0 17.0 17.0 17.0 17.0 17.0 
17.0 16.0 15.0 14.0 15.0 15.0 15.0 17.0 
17.0 17.0 16.0 14.0 18.0 13.0 17.0 16.0 
8.0 6.0 8.0 8.0 8.0 7.0 6.0 8.0 
8.0 7.0 7.0 6.0 6.0 6.0 7.0 7.0 
6.0 6.0 7.0 6.0 7.0 7.0 7.0 7.0 
15.0 18.0 21.0 16.0 21.0 17.0 20.0 15.0 
20.0 17.0 20.0 17.0 15.0 21.0 20.0 19.0 
19.0 19.0 21.0 16.0 15.0 17.0 16.0 21.0 
19.0 13.0 14.0 16.0 19.0 19.0 13.0 15.0 
15.0 14.0 16.0 17.0 19.0 14.0 15.0 15.0 
17.0 13.0 19.0 16.0 17.0 19.0 19.0 18.0 
14.0 14.0 18.0 18.0 13.0 16.0 16.0 13.0 
14.0 18.0 13.0 19.0 16.0 18.0 17.0 13.0 
16.0 17.0 19.0 18.0 14.0 18.0 18.0 17.0 
13.0 19.0 15.0 15.0 19.0 14.0 17.0 19.0 
13.0 16.0 18.0 19.0 18.0 13.0 17.0 14.0 
14.0 18.0 17.0 14.0 14.0 14.0 17.0 16.0 
13.0 11.0 13.0 15.0 14.0 12.0 12.0 12.0 
14.0 14.0 13.0 15.0 12.0 12.0 14.0 17.0 
16.0 16.0 13.0 12.0 12.0 16.0 16.0 14.0 
0.125 0.125 0.125 0.125 0.125 0.125 0.125 0.125 
0.0 588.0 784.0 
588.0 0.0 212.0 
784.0 212.0 0.0 
0.0 466.0 641.0 540.0 732.0 506.0 501.0 385.0 415.0 302.0 319.0 218.0 
466.0 0.0 332.0 223.0 404.0 284.0 464.0 540.0 823.0 689.0 772.0 250.0 
641.0 332.0 0.0 117.0 91.0 140.0 302.0 480.0 867.0 739.0 878.0 448.0 
540.0 223.0 117.0 0.0 203.0 93.0 298.0 442.0 804.0 672.0 797.0 338.0 
732.0 404.0 91.0 203.0 0.0 229.0 366.0 554.0 947.0 822.0 964.0 538.0 
506.0 284.0 140.0 93.0 229.0 0.0 206.0 355.0 731.0 601.0 737.0 326.0 
501.0 464.0 302.0 298.0 366.0 206.0 0.0 198.0 599.0 485.0 647.0 400.0 
385.0 540.0 480.0 442.0 554.0 355.0 198.0 0.0 402.0 291.0 459.0 377.0 
415.0 823.0 867.0 804.0 947.0 731.0 599.0 402.0 0.0 135.0 162.0 583.0 
302.0 689.0 739.0 672.0 822.0 601.0 485.0 291.0 135.0 0.0 175.0 452.0 
319.0 772.0 878.0 797.0 964.0 737.0 647.0 459.0 162.0 175.0 0.0 522.0 
218.0 250.0 448.0 338.0 538.0 326.0 400.0 377.0 583.0 452.0 522.0 0.0 
0 0 0 0 0 1 1 1 1 1 
1 1 1 1 1 0 0 0 0 0 
0 0 0 0 0 0 1 1 1 0 
1 1 1 1 1 1 0 0 0 1 
1 1 1 1 1 1 1 1 1 1 
0 0 0 0 0 0 0 0 0 0 
1 0 0 0 0 1 1 1 1 1 
0 1 1 1 1 0 0 0 0 0 
1 1 1 1 1 1 1 1 1 0 
0 0 0 0 0 0 0 0 0 1 
1 1 1 1 0 1 1 1 1 1 
0 0 0 0 1 0 0 0 0 0 
1 1 1 1 1 1 1 1 1 1 
0 0 0 0 0 0 0 0 0 0 
0 0 0 0 1 1 0 1 1 1 
1 1 1 1 0 0 1 0 0 0 
0 0 0 0 0 1 1 1 1 1 
1 1 1 1 1 0 0 0 0 0 
0 0 0 0 0 1 1 1 1 1 
1 1 1 1 1 0 0 0 0 0 
1 1 1 1 1 1 1 1 1 1 
0 0 0 0 0 0 0 0 0 0 
0 0 0 0 0 1 1 1 1 1 
1 1 1 1 1 0 0 0 0 0 
0 0 0 0 1 1 1 1 1 1 
1 1 1 1 0 0 0 0 0 0 
0 0 0 1 0 0 1 1 1 1 
1 1 1 0 1 1 0 0 0 0 
1 0 0 1 1 1 1 1 1 1 
0 1 1 0 0 0 0 0 0 0 
1 0 0 0 0 1 1 1 1 1 
0 1 1 1 1 0 0 0 0 0 
1 1 1 1 1 1 1 1 1 1 
0 0 0 0 0 0 0 0 0 0 
1 1 1 1 1 1 1 1 1 1 
0 0 0 0 0 0 0 0 0 0 
0 0 0 0 0 0 1 1 1 0 
1 1 1 1 1 1 0 0 0 1 
1 1 1 1 1 1 0 1 1 1 
0 0 0 0 0 0 1 0 0 0 
0 0 0 0 0 1 1 1 1 1 
1 1 1 1 1 0 0 0 0 0 
1 0 0 1 0 1 1 1 1 0 
0 1 1 0 1 0 0 0 0 1 
1 0 0 0 0 0 1 1 1 0 
0 1 1 1 1 1 0 0 0 1 
1 1 1 1 1 1 1 1 1 1 
0 0 0 0 0 0 0 0 0 0 
1 0 0 
270.0 0.0 0.0 
96.0 96.0 0.0 
92.0 97.0 60.0 114.0 66.0 116.0 116.0 89.0 
92.0 26.0 10.0 0.0 13.0 36.0 0.0 89.0 
57.0 0.0 32.0 32.0 59.0 3.0 46.0 49.0 
57.0 58.0 58.0 19.0 32.0 58.0 24.0 58.0 
7.0 58.0 8.0 19.0 0.0 58.0 24.0 14.0 
7.0 58.0 8.0 19.0 0.0 58.0 0.0 14.0 
20.0 16.0 20.0 25.0 20.0 16.0 19.0 19.0 
3.0 0.0 20.0 21.0 17.0 0.0 19.0 0.0 
0.0 0.0 0.0 0.0 0.0 0.0 0.0 0.0 
0.0 1.0 7.0 6.0 2.0 1.0 1.0 1.0 
0.0 0.0 7.0 6.0 2.0 0.0 0.0 0.0 
0.0 0.0 0.0 0.0 0.0 0.0 0.0 0.0 
1.0 1.0 5.0 6.0 6.0 0.0 5.0 1.0 
0.0 0.0 5.0 6.0 6.0 0.0 5.0 0.0 
0.0 0.0 0.0 0.0 0.0 0.0 0.0 0.0 
3.0 0.0 16.0 16.0 15.0 0.0 6.0 0.0 
0.0 0.0 16.0 14.0 0.0 0.0 0.0 0.0 
0.0 0.0 0.0 0.0 0.0 0.0 0.0 0.0 
6.0 8.0 14.0 6.0 6.0 7.0 8.0 6.0 
6.0 6.0 7.0 6.0 0.0 1.0 7.0 0.0 
0.0 0.0 0.0 0.0 0.0 0.0 0.0 0.0 
3.0 0.0 0.0 2.0 15.0 1.0 16.0 3.0 
0.0 0.0 0.0 0.0 0.0 0.0 16.0 0.0 
0.0 0.0 0.0 0.0 0.0 0.0 0.0 0.0 
15.0 19.0 18.0 16.0 17.0 13.0 19.0 17.0 
0.0 5.0 2.0 0.0 17.0 0.0 4.0 2.0 
0.0 0.0 0.0 0.0 0.0 0.0 0.0 0.0 
14.0 2.0 0.0 0.0 14.0 0.0 0.0 13.0 
0.0 0.0 0.0 0.0 14.0 0.0 0.0 0.0 
0.0 0.0 0.0 0.0 0.0 0.0 0.0 0.0 
13.0 16.0 1.0 1.0 14.0 2.0 0.0 14.0 
0.0 0.0 0.0 0.0 14.0 0.0 0.0 0.0 
0.0 0.0 0.0 0.0 0.0 0.0 0.0 0.0 
15.0 17.0 26.0 13.0 14.0 16.0 16.0 16.0 
1.0 3.0 13.0 12.0 2.0 4.0 16.0 0.0 
0.0 0.0 0.0 0.0 0.0 0.0 0.0 0.0 
0.0 0.0 0.0 0.0 0.0 0.0 0.0 0.0 
0.0 0.0 0.0 0.0 0.0 0.0 0.0 0.0 
0.0 0.0 0.0 0.0 0.0 0.0 0.0 0.0 
0.0 0.0 0.0 0.0 0.0 0.0 0.0 0.0 
0.0 0.0 0.0 0.0 0.0 0.0 0.0 0.0 
0.0 0.0 0.0 0.0 5.0 0.0 0.0 0.0 
0.0 0.0 0.0 0.0 0.0 0.0 0.0 0.0 
0.0 0.0 0.0 0.0 0.0 0.0 0.0 0.0 
0.0 0.0 0.0 0.0 0.0 0.0 0.0 0.0 
0.0 1.0 0.0 0.0 0.0 1.0 0.0 1.0 
0.0 0.0 0.0 0.0 0.0 0.0 0.0 0.0 
0.0 0.0 0.0 0.0 0.0 0.0 0.0 0.0 
0.0 0.0 0.0 0.0 0.0 0.0 0.0 0.0 
0.0 0.0 0.0 0.0 0.0 0.0 0.0 0.0 
0.0 0.0 0.0 0.0 0.0 0.0 0.0 0.0 
0.0 0.0 0.0 0.0 0.0 0.0 0.0 0.0 
0.0 0.0 0.0 0.0 0.0 0.0 0.0 0.0 
0.0 0.0 0.0 0.0 0.0 0.0 0.0 0.0 
0.0 0.0 0.0 0.0 0.0 0.0 0.0 0.0 
0.0 0.0 0.0 0.0 0.0 0.0 0.0 0.0 
0.0 0.0 0.0 0.0 0.0 0.0 0.0 0.0 
0.0 0.0 0.0 0.0 0.0 0.0 0.0 0.0 
0.0 0.0 0.0 0.0 0.0 0.0 0.0 0.0 
0.0 0.0 0.0 0.0 0.0 0.0 0.0 0.0 
0.0 0.0 0.0 0.0 0.0 0.0 1.0 0.0 
0.0 0.0 0.0 0.0 0.0 0.0 0.0 0.0 
0.0 0.0 0.0 0.0 0.0 0.0 0.0 0.0 
0.0 0.0 0.0 0.0 0.0 0.0 0.0 0.0 
0.0 0.0 0.0 0.0 0.0 0.0 0.0 0.0 
0.0 0.0 0.0 0.0 0.0 0.0 0.0 0.0 
0 0 : 0 1 2 0 
2 0 : 0 1 0 
endRoutesPlantToWarehouse
116.0 0.0 96.0 
58.0 0.0 0.0 
0 0 0 0 : 0 10 8 9 0 
0 0 2 0 : 0 11 3 4 2 5 7 9 8 10 0 
0 1 0 0 : 1 3 1 
0 1 1 0 : 1 7 6 5 4 3 1 
1 0 0 0 : 0 10 0 
1 0 1 0 : 0 9 7 6 4 2 3 5 0 
1 0 2 0 : 0 10 8 9 7 5 2 4 3 11 0 
2 0 0 0 : 0 9 7 6 4 2 3 5 11 0 
2 0 1 0 : 0 7 9 10 0 
2 0 2 0 : 0 7 9 8 10 0 
2 1 1 0 : 1 5 2 4 3 1 
3 0 0 0 : 0 9 0 
3 0 1 0 : 0 11 2 4 3 5 6 7 9 8 10 0 
3 0 2 0 : 0 10 8 9 7 0 
3 1 0 0 : 1 3 4 2 5 1 
4 0 0 0 : 0 10 8 9 7 0 
4 0 1 0 : 0 10 8 9 0 
4 0 2 0 : 0 11 5 6 7 0 
4 1 0 0 : 1 5 4 3 1 
4 1 1 0 : 1 4 2 3 1 
5 0 1 0 : 0 10 8 9 7 5 2 4 3 0 
5 0 2 0 : 0 10 8 9 7 6 5 2 4 3 11 0 
6 0 1 0 : 0 10 9 7 6 5 4 2 3 11 0 
6 0 2 0 : 0 9 8 10 0 
6 1 0 0 : 1 4 2 5 7 1 
6 1 2 0 : 1 5 3 1 
7 0 0 0 : 0 9 10 0 
7 0 2 0 : 0 10 8 9 7 6 5 2 4 3 11 0 
7 1 1 0 : 1 11 7 6 5 4 3 1 
endRoutesWarehouseToCustomer
0.0 0.0 3.0 8.0 0.0 0.0 4.0 0.0 
0.0 4.0 20.0 16.0 19.0 3.0 21.0 0.0 
19.0 16.0 0.0 0.0 0.0 18.0 0.0 15.0 
1.0 0.0 8.0 7.0 3.0 0.0 0.0 0.0 
6.0 7.0 8.0 7.0 8.0 5.0 7.0 5.0 
8.0 7.0 0.0 0.0 0.0 7.0 7.0 7.0 
0.0 0.0 5.0 7.0 7.0 0.0 5.0 0.0 
5.0 6.0 7.0 6.0 5.0 7.0 5.0 4.0 
6.0 7.0 0.0 0.0 0.0 5.0 0.0 7.0 
0.0 0.0 16.0 17.0 16.0 0.0 7.0 0.0 
14.0 16.0 15.0 12.0 0.0 15.0 9.0 17.0 
17.0 17.0 0.0 0.0 18.0 13.0 17.0 16.0 
0.0 0.0 8.0 0.0 0.0 0.0 0.0 0.0 
8.0 5.0 0.0 6.0 0.0 0.0 6.0 1.0 
0.0 0.0 0.0 0.0 7.0 6.0 0.0 7.0 
0.0 0.0 3.0 0.0 18.0 0.0 18.0 0.0 
17.0 17.0 20.0 15.0 0.0 20.0 20.0 16.0 
19.0 19.0 21.0 16.0 15.0 17.0 0.0 21.0 
2.0 0.0 0.0 0.0 4.0 0.0 0.0 0.0 
0.0 0.0 0.0 1.0 19.0 1.0 0.0 0.0 
17.0 8.0 17.0 16.0 0.0 19.0 15.0 16.0 
12.0 0.0 2.0 2.0 11.0 0.0 0.0 10.0 
0.0 16.0 13.0 19.0 16.0 18.0 17.0 0.0 
16.0 17.0 19.0 18.0 0.0 18.0 18.0 17.0 
10.0 19.0 0.0 0.0 17.0 0.0 0.0 17.0 
0.0 0.0 17.0 18.0 18.0 11.0 17.0 0.0 
14.0 18.0 17.0 14.0 0.0 14.0 17.0 16.0 
0.0 0.0 11.0 0.0 0.0 0.0 0.0 0.0 
0.0 0.0 0.0 14.0 0.0 0.0 14.0 1.0 
15.0 13.0 0.0 0.0 10.0 12.0 0.0 14.0 
